compiler/rustc_codegen_ssa/src/nlai/context.rs
  h_5b53606353e0f5 111,118,122,125,295,303,196,199,202-203,302,140,153,165,171,180-181,221,205,220,376,390,397,399-400,847,2438,2453,2455-2456,738,742,831,834,842,698,718,728,733,1004,1036,1039,1050,1363,412-414,439,441,452,468-469,479,485-486,496,506,516,536,550,709,3127-3128,3153,3898,3905,3912,3917,1108-1109,1254,1267,421-422,554,556,568,583,599,613,615,624,645,648,653,658,749-750,754,763,778,3116-3117,823,326-327,350,353,356,359,372,337,343,347,3070,364,370,2473,2832,995,2809,2590,2687,2769,2856,2859-2860,2868-2870,2898,2503,2509,2515,2630,2633,2636,2700,2704,2715,2722,2821,2824,1130,1141,1152,1163,1174,1176,1185,1227-1228,2781,2785,2665,2677,2569,2577,2585,2606,2615,2619,2624,2799,2802-2803,2807,816,1216,2362-2363,808,810,1034,630,642,829,837,807,3012,3050,913,918,924,927,933,939,945,957,984,1339-1340,1344,2478,1192,1203,1212,1214,1249,1280,1295,1297,1309,1324,1331,1333,3990,3997,4013,4015-4016,4034,4036-4037,1234,1247,1253,1104,1367,1426,1445,1485,1491,1495-1496,1352,1356,1360,1384,1398,1415,2925,2933,2936,2939,2959-2960,2982-2983,3083,2409,2531,1505,1517,1537,1541,1587,1840,1852,1865-1866,1870,1872,1874,2276,2528,3137,1559,1605,1621,1634,1641,1653,1659,1683,1686,1690,1734-1735,1756-1758,1772-1773,1788,1802,1812,1816-1817,1820-1821,1826,1891,1893,1895,1898,1913,1915,1917,1920,1932,1942,1945,1957,1969,1971,1973,1976,1994,2019-2020,2254,2267,2041,2044-2045,2088,2101,2108-2109,2122-2123,2127,2131-2132,2134-2135,2152,2180-2181,2242,2245,2252,4054-4055,4094,1451,1463,1483,2840,2892-2893,786,1018,1020,1026,1031,852,2489,1704,1709,1714,1719,2401
  04f85b5dc3e29e0d 3824,3864,3872,373,229,274,296,3228,3802,3809,141,145,154,161,166,172,182,280,3828,3882,222,292,3236,3240,206,3179,3191,3246,401,848,2284,2295,2425,2444,2447,2985,2989,3075,3250,3258,3276,3283,3298,3302,3516,743,838,436,699,729,734,1006,1040,1051,1364,3362,3378,3457,3465,3848,415,444,448,453,457,460,538,544,547,551,710,3078,3107,3154,3408,3416,3425,3434,3832,3836,3852,3856,3860,3884,3888,3893,3899,3906,3913,1064,1110,1255,1334,423,559,564,569,573,576,584,587,593,596,600,616,644,649,659,758,764,779,830,3118,3385,3440,3453,2993,3071,328,354,360,3088,3091,3150,3157,3160,3169,3213,3919,344,348,3000,3018,3035,3067,3393,3400,365,2422,2450,2457,2462,2466,2826,3520,3528,3749,996,2479,2586,2626,2723,2734,2771,3685,3693,2607,2688,2741,2744,2766,2833,2862,2871,2876,2885,3759,3769,3776,3790,2532,2678,2706,2786,2808,2817,3844,1164,1186,1217,1220,1229,2647,2654,2666,3798,2996,2310,2319,2339,2391,2418,1027,1035,800,2289,3013,890,946,958,985,1348,2668,2829,3738,3840,866,3935,1313,3950,3957,3968,3986,3991,3994,3999,4020,1224,1235,1096,1105,1240,1250,1373,1486,1492,1497,82,1385,1399,1416,2899,2961,3057,3084,2415,91,1501,1506,1510,1513,1518,1525,1528,1531,1534,1538,1552,1570,1582,1588,1835,1841,1853,1875,2273,2277,2522,3138,3370,1563,1596,1600,1606,1624,1643,1649,1654,1660,1665,1678,1723,1729,1740,1759,1763,1774,1791,1804,1823,1827,1933,1946,1958,1977,1990,2000,2255,2261,2029,2039,2048,2065,2077,2081,2124,2136,2145,2168,2182,2191,2200,2208,2211,2227,4041,4063,2,1452,1457,2894,3782,3868,94,853,860,895,905,992,2496,2922,2940,2947,2954,2402,3268,3290,3925
---
{
  "schema_version": "authorship/3.0.0",
  "git_ai_version": "1.5.2",
  "base_commit_sha": "7164fc88dcfeecf1aa0c52ea19963a3f8f7a9f1e",
  "prompts": {},
  "humans": {
    "h_5b53606353e0f5": {
      "author": "Meng Xu <meng.xu.cs@uwaterloo.ca>"
    }
  }
}