compiler/rustc_codegen_ssa/src/nlai/context.rs
  h_5b53606353e0f5 106,113,117,120,290,298,191,194,197-198,297,135,148,160,166,175-176,216,200,215,370,384,391,393-394,841,2339,2354,2356-2357,732,736,825,828,836,692,712,722,727,976,1008,1011,1022,1338,406-408,433,435,446,462-463,473,479-480,490,500,510,530,544,703,3015-3016,3041,3763,3770,3777,3782,1083-1084,1229,1242,415-416,548,550,562,577,593,607,609,618,639,642,647,652,743-744,748,757,772,3004-3005,817,320-321,344,347,350,353,366,3798,331,337,341,2959,358,364,2374,2731,967,2708,2489,2586,2668,2755,2758-2759,2767-2769,2797,2388,2402,2408,2414,2529,2532,2535,2599,2603,2614,2621,2720,2723,1105,1116,1127,1138,1149,1151,1160,1202-1203,2680,2684,2564,2576,2468,2476,2484,2505,2514,2518,2523,2698,2701-2702,2706,810,1191,2301-2302,802,804,1006,624,636,823,831,801,2901,2939,888,893,899,902,908,914,920,932,959,1314-1315,1319,2379,1167,1178,1187,1189,1224,1255,1270,1272,1284,1299,1306,1308,3855,3862,3878,3880-3881,3899,3901-3902,1209,1222,1228,1079,1342,1401,1420,1460,1466,1470-1471,1327,1331,1335,1359,1373,1390,2823,2831,2834,2837,2848-2849,2871-2872,2972,2320,2430,1480,1492,1512,1516,1562,1786,1798,1811-1812,1816,1818,1820,2222,2427,3025,1534,1580,1596,1609,1616,1628,1634,1658,1661,1665,1686-1687,1691,1702-1704,1718-1719,1734,1748,1758,1762-1763,1766-1767,1772,1837,1839,1841,1844,1859,1861,1863,1866,1878,1888,1891,1903,1915,1917,1919,1922,1940,1965-1966,2200,2213,1987,1990-1991,2034,2047,2054-2055,2068-2069,2073,2077-2078,2080-2081,2098,2126-2127,2188,2191,2198,3919-3920,3956,1426,1438,1458,2739,2791-2792,780,990,992,998,1003
  04f85b5dc3e29e0d 3689,3729,3737,367,224,269,291,3116,3667,3674,136,140,149,156,161,167,177,275,3693,3747,217,287,3124,3128,201,3067,3079,3134,395,842,2230,2241,2336,2345,2348,2874,2878,2964,3138,3145,3154,3161,3169,3173,3381,737,832,430,693,723,728,978,1012,1023,1339,3233,3249,3328,3336,3713,409,438,442,447,451,454,532,538,541,545,704,2967,2995,3042,3279,3287,3296,3305,3697,3701,3717,3721,3725,3749,3753,3758,3764,3771,3778,1036,1085,1230,1309,417,553,558,563,567,570,578,581,587,590,594,610,638,643,653,752,758,773,824,3006,3256,3311,3324,2882,2960,322,348,354,2977,2980,3038,3045,3048,3057,3101,3784,77,338,342,2889,2907,2924,2956,3264,3271,359,2333,2351,2358,2363,2367,2725,3385,3393,3614,968,2380,2485,2525,2622,2633,2670,3550,3558,2506,2587,2640,2643,2665,2732,2761,2770,2775,2784,3624,3634,3641,3655,2431,2577,2605,2685,2707,2716,3709,1139,1161,1192,1195,1204,2546,2553,2565,3663,2885,2249,2258,2278,2313,2329,999,1007,794,2235,2902,876,921,933,960,1323,2567,2728,3603,3705,852,3800,1288,3815,3822,3833,3851,3856,3859,3864,3885,1199,1210,1071,1080,1215,1225,1348,1461,1467,1472,80,1360,1374,1391,2798,2850,2946,2973,2326,89,1476,1481,1485,1488,1493,1500,1503,1506,1509,1513,1527,1545,1557,1563,1781,1787,1799,1821,2219,2223,2421,3026,3241,1538,1571,1575,1581,1599,1618,1624,1629,1635,1640,1653,1675,1681,1693,1705,1709,1720,1737,1750,1769,1773,1879,1892,1904,1923,1936,1946,2201,2207,1975,1985,1994,2011,2023,2027,2070,2082,2091,2114,2128,2137,2146,2154,2157,2173,3906,3925,2,1427,1432,2793,3647,3733
---
{
  "schema_version": "authorship/3.0.0",
  "git_ai_version": "1.5.2",
  "base_commit_sha": "71fd2bd87a8dbcf91accad42a5118f150a7e175b",
  "prompts": {},
  "humans": {
    "h_5b53606353e0f5": {
      "author": "Meng Xu <meng.xu.cs@uwaterloo.ca>"
    }
  }
}