compiler/rustc_codegen_ssa/src/nlai/context.rs
  h_5b53606353e0f5 119,126,131,134,308,316,209,212,215-216,315,149,162,179,184,193-194,234,218,233,391,405,412,414-415,866,2540,2555,2557-2558,753,757,850,853,861,713,733,743,748,1027,1059,1062,1073,1392,427-429,454,456,467,483-484,494,500-501,511,521,531,551,565,724,3401-3402,3426,4206,4213,4220,4225,1131-1132,1277,1290,436-437,569,571,583,598,614,628,630,639,660,663,668,673,769,773,782,797,3390-3391,842,341-342,365,368,371,374,387,352,358,362,3326,379,385,2580,2958,1018,2935,2720,2817,2895,2988,2991-2992,3003,3011,3039,2630,2636,2642,2760,2763,2766,2829,2841,2848,2947,2950,1153,1164,1175,1186,1197,1199,1208,1250-1251,2907,2911,2795,2807,2699,2707,2715,2736,2745,2749,2754,2925,2928-2929,2933,835,1239,2391-2392,827,829,1057,645,657,848,856,826,3270,3306,941,946,952,955,961,967,973,1004,1369,1373,2585,1215,1226,1235,1237,1272,1303,1318,1320,1332,1347,1354,1356,4300,4307,4323,4325-4326,4344,4346-4347,1257,1270,1276,1127,1396,1455,1474,1514,1520,1524-1525,1381,1385,1389,1413,1427,1444,3066,3074,3077,3080,3108-3109,3131-3132,3339,2492,2658,1534,1546,1566,1570,1616,1869,1881,1894-1895,1899,1901,1903,2305,2655,3411,1588,1634,1650,1663,1670,1682,1688,1712,1715,1719,1763-1764,1785-1787,1801-1802,1817,1831,1841,1845-1846,1849-1850,1855,1920,1922,1924,1927,1942,1944,1946,1949,1961,1971,1974,1986,1998,2000,2002,2005,2023,2048-2049,2283,2296,2070,2073-2074,2117,2130,2137-2138,2151-2152,2156,2160-2161,2163-2164,2181,2209-2210,2271,2274,2281,4364-4365,4404,1480,1492,1512,2972,3033-3034,805,1041,1043,1049,1054,871,2596,1733,1738,1743,1748,3379,3181,3198,3241,3239,3149,3151,3159-3160,3173-3174,3176-3177,3189-3190,3192-3193,3229,3217-3218,1006,2459-2460,2524,2530,2538,2696
  04f85b5dc3e29e0d 4108,4148,4160,388,242,287,309,3500,4086,4093,150,154,163,175,185,195,293,4112,4170,235,305,3508,3512,219,3452,3464,3518,416,867,2313,2324,2508,2546,2549,3243,3247,3331,3522,3530,3549,3556,3571,3575,3809,758,857,451,714,744,749,1029,1063,1074,1393,3641,3657,3744,3752,4132,430,459,463,468,472,475,553,559,562,566,725,3334,3365,3427,3695,3703,3712,3721,4116,4120,4136,4140,4144,4172,4196,4201,4207,4214,4221,1087,1133,1278,1357,438,574,579,584,588,591,599,602,608,611,615,631,659,664,674,777,783,798,849,3392,3664,3727,3740,3251,3327,343,369,375,3344,3347,3423,3430,3433,3442,3486,4227,359,363,3258,3276,3293,3323,3672,3687,380,2505,2552,2559,2564,2573,2952,3813,3823,4033,1019,2586,2716,2756,2849,2860,2897,3972,3980,2737,2818,2867,2870,2892,2959,2994,3012,3017,3026,4043,4053,4060,4074,2659,2808,2832,2912,2934,2943,4128,1187,1209,1240,1243,1252,2777,2784,2796,4082,3254,2339,2348,2368,2477,2501,1050,1058,819,2318,3271,909,974,978,1005,1377,2798,2955,4022,4124,885,4245,1336,4260,4267,4278,4296,4301,4304,4309,4330,1247,1258,1119,1128,1263,1273,1402,1515,1521,1526,84,1414,1428,1445,3040,3110,3313,3340,2498,93,1530,1535,1539,1542,1547,1554,1557,1560,1563,1567,1581,1599,1611,1617,1864,1870,1882,1904,2302,2306,2649,3412,3649,1592,1625,1629,1635,1653,1672,1678,1683,1689,1694,1707,1752,1758,1769,1788,1792,1803,1820,1833,1852,1856,1962,1975,1987,2006,2019,2029,2284,2290,2058,2068,2077,2094,2106,2110,2153,2165,2174,2197,2211,2220,2229,2237,2240,2256,4351,4373,2,1481,1486,3035,4066,4152,99,872,879,914,933,1015,2607,3063,3081,3088,3095,3540,3563,4233,3381,3680,3183,3201,4192,3147,3161,4181,3219,1008,2419,2427,2435,2448,2614,2628
---
{
  "schema_version": "authorship/3.0.0",
  "git_ai_version": "1.5.2",
  "base_commit_sha": "b092540b20641b18fa76a27f4665e04cffc74fe6",
  "prompts": {},
  "humans": {
    "h_5b53606353e0f5": {
      "author": "Meng Xu <meng.xu.cs@uwaterloo.ca>"
    }
  }
}