compiler/rustc_codegen_ssa/src/nlai/context.rs
  h_5b53606353e0f5 124,131,136,139,313,321,214,217,220-221,320,154,167,184,189,198-199,239,223,238,397,411,418,420-421,920,2610,2625,2627-2628,758,762,904,907,915,718,738,748,753,1081,1114,1117,1128,1453,433-435,460,462,473,489-490,500,506-507,517,527,537,557,571,729,3473-3474,3510,4300,4307,4314,4319,1192-1193,1338,1351,442-443,575,577,588,603,619,633,635,644,665,668,673,678,774,778,787,855,3462-3463,896,347-348,371,374,377,380,393,358,364,368,3397,385,391,2650,3029,1072,3006,2795,2892,2966,3059,3062-3063,3074,3082,3110,2700,2708,2714,2835,2838,2841,2904,2916,2923,3018,3021,1214,1225,1236,1247,1258,1260,1269,1311-1312,2978,2982,2870,2882,2774,2782,2790,2811,2820,2824,2829,2996,2999-3000,3004,889,1300,2454-2455,881,883,1112,650,662,902,910,880,3341,3377,995,1000,1006,1009,1015,1021,1027,1058,1430,1434,2655,1276,1287,1296,1298,1333,1364,1379,1381,1393,1408,1415,1417,4398,4414,4416-4417,4435,4437-4438,1318,1331,1337,1185,1457,1516,1535,1575,1581,1585-1586,1442,1446,1450,1474,1488,1505,3137,3145,3148,3151,3179-3180,3202-3203,3410,2555,2734,1595,1607,1627,1631,1680,1933,1945,1958-1959,1963,1965,1967,2369,2731,3494,1649,1698,1714,1727,1734,1746,1752,1776,1779,1783,1827-1828,1849-1851,1865-1866,1881,1895,1905,1909-1910,1913-1914,1919,1984,1986,1988,1991,2006,2008,2010,2013,2025,2035,2038,2050,2062,2064,2066,2069,2087,2112-2113,2347,2360,2134,2137-2138,2181,2194,2201-2202,2215-2216,2220,2224-2225,2227-2228,2245,2273-2274,2335,2338,2345,4455-4456,4495,1541,1553,1573,3043,3104-3105,863,1095,1097,1103,1109,925,2666,1797,1802,1807,1812,3451,3252,3269,3312,3310,3220,3222,3230-3231,3244-3245,3247-3248,3260-3261,3263-3264,3300,3288-3289,1060,2522-2523,2594,2600,2608,2771,821,840,842,3484-3485,801,1187-1188,1652
  04f85b5dc3e29e0d 4192,4236,4248,394,247,292,314,3585,4170,4177,155,159,168,180,190,200,298,4196,4258,240,310,3593,3597,224,3536,3548,3603,422,921,2377,2387,2573,2616,2619,3314,3318,3402,3607,3615,3634,3641,3656,3660,3894,763,911,457,719,749,754,1083,1118,1129,1454,3726,3742,3829,3837,4220,436,465,469,474,478,481,559,565,568,572,730,3405,3437,3511,3780,3788,3797,3806,4200,4204,4224,4228,4232,4260,4290,4295,4301,4308,4315,1145,1194,1339,1418,444,580,584,589,593,596,604,607,613,616,620,636,664,669,679,782,788,856,903,3464,3749,3812,3825,3322,3398,349,375,381,3415,3418,3507,3514,3517,3526,3570,4321,365,369,3329,3347,3364,3394,3757,3772,386,2567,2622,2629,2634,2643,3023,3898,3908,4117,1073,2656,2791,2831,2924,2931,2968,4056,4064,2812,2893,2938,2941,2963,3030,3065,3083,3088,3097,4127,4137,4144,4158,2735,2883,2907,2983,3005,3014,4216,1248,1270,1301,1304,1313,2852,2859,2871,4166,3325,2402,2411,2431,2540,1113,873,2382,3342,963,1028,1032,1059,1438,2873,3026,4106,4212,939,4339,1397,4354,4361,4372,4392,4395,4400,4421,1308,1319,1177,1186,1324,1334,1463,1576,1582,1587,86,1475,1489,1506,3111,3181,3384,3411,2562,98,1591,1596,1600,1603,1608,1615,1618,1621,1624,1628,1642,1663,1675,1681,1928,1934,1946,1968,2366,2370,2725,3495,3734,1656,1689,1693,1699,1717,1736,1742,1747,1753,1758,1771,1816,1822,1833,1852,1856,1867,1884,1897,1916,1920,2026,2039,2051,2070,2083,2093,2348,2354,2122,2132,2141,2158,2170,2174,2217,2229,2238,2261,2275,2284,2293,2301,2304,2320,4442,4464,2,1542,1547,3106,4150,4240,104,926,933,968,987,1069,2677,3134,3152,3159,3166,3625,3648,4327,3453,3765,3254,3272,4286,3218,3232,4275,3290,1062,2482,2490,2498,2511,2684,2698,95,794,822,827,833,837,2570,3486,4208,4266,2701,1189
---
{
  "schema_version": "authorship/3.0.0",
  "git_ai_version": "1.5.2",
  "base_commit_sha": "676d453a8f068dce4b837aa6c6c42c47ee0eee0a",
  "prompts": {},
  "humans": {
    "h_5b53606353e0f5": {
      "author": "Meng Xu <meng.xu.cs@uwaterloo.ca>"
    }
  }
}