compiler/rustc_codegen_ssa/src/nlai/context.rs
  h_5b53606353e0f5 105,112,116,119,289,297,190,193,196-197,296,134,147,159,165,174-175,215,199,214,369,383,390,392-393,834,2300,2315,2317-2318,731,735,818,821,829,691,711,721,726,950,969,972,983,1299,405-407,432,434,445,461-462,472,478-479,489,499,509,529,543,702,2958-2959,2984,3687,3694,3701,3706,1044-1045,1190,1203,414-415,547,549,561,576,592,606,608,617,638,641,646,651,742-743,747,756,771,2947-2948,811,319-320,343,346,349,352,365,3722,330,336,340,2902,357,363,2335,2689,941,2666,2450,2547,2626,2711,2714-2715,2723-2725,2741,2349,2363,2369,2375,2490,2493,2496,2559,2563,2574,2581,2678,2681,1066,1077,1088,1099,1110,1112,1121,1163-1164,2638,2642,2525,2537,2429,2437,2445,2466,2475,2479,2484,2656,2659-2660,2664,805,1152,2262-2263,798,800,967,623,635,816,824,797,2844,2882,881,886,892,895,901,907,913,925,930,932,1275-1276,1280,2340,1128,1139,1148,1150,1185,1216,1231,1233,1245,1260,1267,1269,3779,3786,3802,3804-3805,3823,3825-3826,1170,1183,1189,1040,1303,1362,1381,1421,1427,1431-1432,1288,1292,1296,1320,1334,1351,2767,2775,2778,2781,2792-2793,2814-2815,2915,2281,2391,1441,1453,1473,1477,1523,1747,1759,1772-1773,1777,1779,1781,2183,2388,2968,1495,1541,1557,1570,1577,1589,1595,1619,1622,1626,1647-1648,1652,1663-1665,1679-1680,1695,1709,1719,1723-1724,1727-1728,1733,1798,1800,1802,1805,1820,1822,1824,1827,1839,1849,1852,1864,1876,1878,1880,1883,1901,1926-1927,2161,2174,1948,1951-1952,1995,2008,2015-2016,2029-2030,2034,2038-2039,2041-2042,2059,2087-2088,2149,2152,2159,3843-3844,3880,1387,1399,1419
  04f85b5dc3e29e0d 3617,3657,3661,366,223,268,290,3059,3595,3602,135,139,148,155,160,166,176,274,3621,3671,216,286,3067,3071,200,3010,3022,3077,394,835,2191,2202,2297,2306,2309,2817,2821,2907,3081,3088,3097,3104,3112,3116,3323,736,825,429,692,722,727,952,973,984,1300,3176,3192,3271,3278,3641,408,437,441,446,450,453,531,537,540,544,703,2910,2938,2985,3222,3230,3239,3248,3625,3629,3645,3649,3653,3673,3677,3682,3688,3695,3702,997,1046,1191,1270,416,552,557,562,566,569,577,580,586,589,593,609,637,642,652,751,757,772,817,2949,3199,3254,3267,2825,2903,321,347,353,2920,2923,2981,2988,2991,3000,3044,3708,76,337,341,2832,2850,2867,2899,3207,3214,358,2294,2312,2319,2324,2328,2683,3327,3335,3550,942,2341,2446,2486,2582,2593,2628,3491,3499,2467,2548,2600,2603,2623,2690,2717,2726,2731,2739,3559,3568,3575,3583,2392,2538,2565,2643,2665,2674,3637,1100,1122,1153,1156,1165,2507,2514,2526,3591,2828,2210,2219,2239,2274,2290,962,968,790,2196,2845,869,914,926,931,934,1284,2528,2686,3539,3633,845,3724,1249,3739,3746,3757,3775,3780,3783,3788,3809,1160,1171,1032,1041,1176,1186,1309,1422,1428,1433,79,1321,1335,1352,2742,2794,2889,2916,2287,88,1437,1442,1446,1449,1454,1461,1464,1467,1470,1474,1488,1506,1518,1524,1742,1748,1760,1782,2180,2184,2382,2969,3184,1499,1532,1536,1542,1560,1579,1585,1590,1596,1601,1614,1636,1642,1654,1666,1670,1681,1698,1711,1730,1734,1840,1853,1865,1884,1897,1907,2162,2168,1936,1946,1955,1972,1984,1988,2031,2043,2052,2075,2089,2098,2107,2115,2118,2134,3830,3849,2,1388,1393
---
{
  "schema_version": "authorship/3.0.0",
  "git_ai_version": "1.5.2",
  "base_commit_sha": "a2042610ed1a90e0540c72cd27221e502665cc8c",
  "prompts": {},
  "humans": {
    "h_5b53606353e0f5": {
      "author": "Meng Xu <meng.xu.cs@uwaterloo.ca>"
    }
  }
}