compiler/rustc_codegen_ssa/src/nlai/context.rs
  h_5b53606353e0f5 123,130,135,138,312,320,213,216,219-220,319,153,166,183,188,197-198,238,222,237,396,410,417,419-420,919,2606,2621,2623-2624,757,761,903,906,914,717,737,747,752,1080,1113,1116,1127,1449,432-434,459,461,472,488-489,499,505-506,516,526,536,556,570,728,3469-3470,3506,4296,4303,4310,4315,1188-1189,1334,1347,441-442,574,576,587,602,618,632,634,643,664,667,672,677,773,777,786,854,3458-3459,895,346-347,370,373,376,379,392,357,363,367,3393,384,390,2646,3025,1071,3002,2791,2888,2962,3055,3058-3059,3070,3078,3106,2696,2704,2710,2831,2834,2837,2900,2912,2919,3014,3017,1210,1221,1232,1243,1254,1256,1265,1307-1308,2974,2978,2866,2878,2770,2778,2786,2807,2816,2820,2825,2992,2995-2996,3000,888,1296,2450-2451,880,882,1111,649,661,901,909,879,3337,3373,994,999,1005,1008,1014,1020,1026,1057,1426,1430,2651,1272,1283,1292,1294,1329,1360,1375,1377,1389,1404,1411,1413,4394,4410,4412-4413,4431,4433-4434,1314,1327,1333,1181,1453,1512,1531,1571,1577,1581-1582,1438,1442,1446,1470,1484,1501,3133,3141,3144,3147,3175-3176,3198-3199,3406,2551,2730,1591,1603,1623,1627,1676,1929,1941,1954-1955,1959,1961,1963,2365,2727,3490,1645,1694,1710,1723,1730,1742,1748,1772,1775,1779,1823-1824,1845-1847,1861-1862,1877,1891,1901,1905-1906,1909-1910,1915,1980,1982,1984,1987,2002,2004,2006,2009,2021,2031,2034,2046,2058,2060,2062,2065,2083,2108-2109,2343,2356,2130,2133-2134,2177,2190,2197-2198,2211-2212,2216,2220-2221,2223-2224,2241,2269-2270,2331,2334,2341,4451-4452,4491,1537,1549,1569,3039,3100-3101,862,1094,1096,1102,1108,924,2662,1793,1798,1803,1808,3447,3248,3265,3308,3306,3216,3218,3226-3227,3240-3241,3243-3244,3256-3257,3259-3260,3296,3284-3285,1059,2518-2519,2590,2596,2604,2767,820,839,841,3480-3481,800,1183-1184,1648
  04f85b5dc3e29e0d 4188,4232,4244,393,246,291,313,3581,4166,4173,154,158,167,179,189,199,297,4192,4254,239,309,3589,3593,223,3532,3544,3599,421,920,2373,2383,2569,2612,2615,3310,3314,3398,3603,3611,3630,3637,3652,3656,3890,762,910,456,718,748,753,1082,1117,1128,1450,3722,3738,3825,3833,4216,435,464,468,473,477,480,558,564,567,571,729,3401,3433,3507,3776,3784,3793,3802,4196,4200,4220,4224,4228,4256,4286,4291,4297,4304,4311,1141,1190,1335,1414,443,579,583,588,592,595,603,606,612,615,619,635,663,668,678,781,787,855,902,3460,3745,3808,3821,3318,3394,348,374,380,3411,3414,3503,3510,3513,3522,3566,4317,364,368,3325,3343,3360,3390,3753,3768,385,2563,2618,2625,2630,2639,3019,3894,3904,4113,1072,2652,2787,2827,2920,2927,2964,4052,4060,2808,2889,2934,2937,2959,3026,3061,3079,3084,3093,4123,4133,4140,4154,2731,2879,2903,2979,3001,3010,4212,1244,1266,1297,1300,1309,2848,2855,2867,4162,3321,2398,2407,2427,2536,1112,872,2378,3338,962,1027,1031,1058,1434,2869,3022,4102,4208,938,4335,1393,4350,4357,4368,4388,4391,4396,4417,1304,1315,1173,1182,1320,1330,1459,1572,1578,1583,85,1471,1485,1502,3107,3177,3380,3407,2558,97,1587,1592,1596,1599,1604,1611,1614,1617,1620,1624,1638,1659,1671,1677,1924,1930,1942,1964,2362,2366,2721,3491,3730,1652,1685,1689,1695,1713,1732,1738,1743,1749,1754,1767,1812,1818,1829,1848,1852,1863,1880,1893,1912,1916,2022,2035,2047,2066,2079,2089,2344,2350,2118,2128,2137,2154,2166,2170,2213,2225,2234,2257,2271,2280,2289,2297,2300,2316,4438,4460,2,1538,1543,3102,4146,4236,103,925,932,967,986,1068,2673,3130,3148,3155,3162,3621,3644,4323,3449,3761,3250,3268,4282,3214,3228,4271,3286,1061,2478,2486,2494,2507,2680,2694,94,793,821,826,832,836,2566,3482,4204,4262,2697,1185
---
{
  "schema_version": "authorship/3.0.0",
  "git_ai_version": "1.5.2",
  "base_commit_sha": "fff020b7747b70915a0ebcd44b690689327b23bc",
  "prompts": {},
  "humans": {
    "h_5b53606353e0f5": {
      "author": "Meng Xu <meng.xu.cs@uwaterloo.ca>"
    }
  }
}