compiler/rustc_codegen_ssa/src/nlai/context.rs
  h_5b53606353e0f5 92,99,103,106,276,284,177,180,183-184,283,121,134,146,152,161-162,202,186,201,354,368,375,377-378,813,1353,1368,1370-1371,710,714,797,800,808,674,690,700,705,927,946,949,960,1252,390-392,417,419,430,446-447,456,462-463,472,482,492,512,526,681,1906-1907,1921,2603,2610,2617,2622,1031-1032,1164,1177,399-400,530,532,544,559,575,589,591,600,621,624,629,634,721-722,726,735,750,1895-1896,790,304-305,328,331,334,337,350,2638,315,321,325,1858,342,348,1388,1727,918,1704,1488,1585,1664,1749,1752-1753,1761-1763,1779,1402,1416,1422,1428,1528,1531,1534,1597,1601,1612,1619,1716,1719,1053,1064,1075,1086,1097,1099,1108,1139,1146-1147,1676,1680,1563,1575,1467,1475,1483,1504,1513,1517,1522,1694,1697-1698,1702,784,1133,1330-1331,777,779,944,606,618,795,803,776,970,975,1808,1845,860,865,871,874,880,886,892,902,907,909,1240-1241,1245,1393,991,1115,1123,1129,1131,1162,1187,1199,1201,1213,1225,1232,1234,2695,2702,2718,2720-2721,2739,2741-2742
  04f85b5dc3e29e0d 2533,2573,2577,351,210,255,277,1994,2511,2518,122,126,135,142,147,153,163,261,2537,2587,203,273,2002,2006,187,1947,1959,2012,379,814,1260,1271,1350,1359,1362,1781,1785,1863,2016,2023,2032,2039,2047,2051,2240,715,804,414,675,701,706,929,950,961,1253,2108,2116,2194,2201,2557,393,422,426,431,435,438,514,520,523,527,682,1866,1886,1922,2146,2154,2162,2171,2541,2545,2561,2565,2569,2589,2593,2598,2604,2611,2618,999,1033,1165,1235,401,535,540,545,549,552,560,563,569,572,576,592,620,625,635,730,736,751,796,1897,2123,2177,2190,1789,1859,306,332,338,1870,1873,1918,1925,1928,1937,1981,2624,69,322,326,1796,1814,1830,1855,2131,2138,343,1347,1365,1372,1377,1381,1721,2244,2252,2466,919,1394,1484,1524,1620,1631,1666,2407,2415,1505,1586,1638,1641,1661,1728,1755,1764,1769,1777,2475,2484,2491,2499,1430,1576,1603,1681,1703,1712,2553,1087,1109,1140,1143,1148,1545,1552,1564,2507,1792,1278,1287,1307,1339,1344,939,945,769,978,1265,1809,848,893,903,908,911,1247,1566,1724,2455,2549,824,2640,1217,2655,2662,2673,2691,2696,2699,2704,2725
---
{
  "schema_version": "authorship/3.0.0",
  "git_ai_version": "1.5.2",
  "base_commit_sha": "7834ddaf5b7293e72ec775d996818d0f8150b4ac",
  "prompts": {},
  "humans": {
    "h_5b53606353e0f5": {
      "author": "Meng Xu <meng.xu.cs@uwaterloo.ca>"
    }
  }
}