compiler/rustc_codegen_ssa/src/nlai/context.rs
  04f85b5dc3e29e0d 16,21,37,43,50,54,58,388,394,401,431,439,553,561,565,230,365,156,201,222,443,531,538,72,76,85,92,97,103,113,207,557,575,150,218,451,455,136,141,405,417,461,257,316,322,330,339,348,351,358,375,382,465,472,480,486,494,498,527,302,307,312
  h_5b53606353e0f5 42,57,393,221,229,126,129,132-133,228,71,84,96,102,111-112,149,135,140,148,232,246,253,255-256,315,342,354,356-357,381,297,301,303,306,311,314
---
{
  "schema_version": "authorship/3.0.0",
  "git_ai_version": "1.5.2",
  "base_commit_sha": "778e28b82c106a5f0c460ba7a8389a981a926fc5",
  "prompts": {},
  "humans": {
    "h_5b53606353e0f5": {
      "author": "Meng Xu <meng.xu.cs@uwaterloo.ca>"
    }
  }
}