compiler/rustc_codegen_ssa/src/nlai/context.rs
  h_5b53606353e0f5 61,68,72,75,704,714,144,147,150-151,713,89,102,114,120,129-130,189,201,211,241,244,248,251,254,257-258,266,297,312,318,336,49-50,153,157,163,170,174,180,188,192,208,219-220,321,283,635,347,353,519,527,530,536,542,620,386-387,400,408,413,419,429,436,442,503,522,571,575-576,581,583,585,606,615,622,479,481,487,489-490,509
  04f85b5dc3e29e0d 979,987,991,715,725,171,645,687,705,795,847,957,964,90,94,103,110,115,121,131,691,697,983,1001,190,212,298,319,331,337,701,803,818,825,832,837,841,51,154,158,175,181,313,328,642,749,761,770,307,315,494,632,636,639,953,350,354,499,523,543,621,915,388,391,402,409,416,420,423,439,443,504,565,586,592,601,607,616,624,627,851,858,864,871,919,947,484,491,510,894
---
{
  "schema_version": "authorship/3.0.0",
  "git_ai_version": "1.5.2",
  "base_commit_sha": "7cc946e56d3e96c32417685ffb01841f002a5dd7",
  "prompts": {},
  "humans": {
    "h_5b53606353e0f5": {
      "author": "Meng Xu <meng.xu.cs@uwaterloo.ca>"
    }
  }
}