compiler/rustc_codegen_ssa/src/nlai/context.rs
  h_5b53606353e0f5 72,79,83,86,249,257,157,160,163-164,256,101,114,126,132,141-142,176,166,175,313,327,334,336-337,716,831,843,845-846,649,653,702,705,714-715,613,629,639,644,723,726,729,738-740,805,349-351,376,378,389,405-406,415,421-422,431,441,451,470,484,620,939-940,954,1332,1339,1346,1351,751-753,778-779,786,799,358-359,488,490,502,517,533,549,551,558,560,565,570,573-575,660-661,665,676,691,928-929,700,270-271,294,297,300,303,309,1367,281,287,291,900
  04f85b5dc3e29e0d 1270,1302,1306,310,184,229,250,1027,1248,1255,102,106,115,122,127,133,143,235,1274,1316,177,246,1035,1039,167,980,992,1045,338,717,813,819,828,837,840,848,852,904,1049,1056,1064,1070,1078,1082,1244,654,706,373,614,640,645,725,730,741,806,1132,1140,1213,1219,1286,352,381,385,390,394,397,472,478,481,485,621,907,919,955,1170,1178,1186,1195,1278,1282,1290,1294,1298,1318,1322,1327,1333,1340,1347,745,754,780,787,800,360,493,498,503,507,510,518,521,527,530,534,553,559,566,576,671,677,692,701,930,1147,1201,1209,856,901,272,298,304,911,914,951,958,961,970,1014,1353,49,288,292,862,867,883,897,1155,1162
---
{
  "schema_version": "authorship/3.0.0",
  "git_ai_version": "1.5.2",
  "base_commit_sha": "c2221d90f80c3709b0f2242d5aeb93e97c373b00",
  "prompts": {},
  "humans": {
    "h_5b53606353e0f5": {
      "author": "Meng Xu <meng.xu.cs@uwaterloo.ca>"
    }
  }
}