compiler/rustc_codegen_ssa/src/nlai/context.rs
  h_5b53606353e0f5 92,99,103,106,276,284,177,180,183-184,283,121,134,146,152,161-162,202,186,201,354,368,375,377-378,815,1421,1436,1438-1439,712,716,799,802,810,676,692,702,707,929,948,951,962,1268,390-392,417,419,430,446-447,457,463-464,474,484,494,514,528,683,1974-1975,1989,2672,2679,2686,2691,1015-1016,1161,1174,399-400,532,534,546,561,577,591,593,602,623,626,631,636,723-724,728,737,752,1963-1964,792,304-305,328,331,334,337,350,2707,315,321,325,1926,342,348,1456,1795,920,1772,1556,1653,1732,1817,1820-1821,1829-1831,1847,1470,1484,1490,1496,1596,1599,1602,1665,1669,1680,1687,1784,1787,1037,1048,1059,1070,1081,1083,1092,1134-1135,1744,1748,1631,1643,1535,1543,1551,1572,1581,1585,1590,1762,1765-1766,1770,786,1123,1398-1399,779,781,946,608,620,797,805,778,1876,1913,862,867,873,876,882,888,894,904,909,911,1246-1247,1251,1461,1099,1110,1119,1121,1156,1187,1202,1204,1216,1231,1238,1240,2764,2771,2787,2789-2790,2808,2810-2811,1141,1154,1160,1011,1272,1292,1305,1309,1315,1319-1320,1257,1261,1265
  04f85b5dc3e29e0d 2602,2642,2646,351,210,255,277,2062,2580,2587,122,126,135,142,147,153,163,261,2606,2656,203,273,2070,2074,187,2015,2027,2080,379,816,1328,1339,1418,1427,1430,1849,1853,1931,2084,2091,2100,2107,2115,2119,2309,717,806,414,677,703,708,931,952,963,1269,2176,2184,2263,2270,2626,393,422,426,431,435,438,516,522,525,529,684,1934,1954,1990,2214,2222,2231,2240,2610,2614,2630,2634,2638,2658,2662,2667,2673,2680,2687,976,1017,1162,1241,401,537,542,547,551,554,562,565,571,574,578,594,622,627,637,732,738,753,798,1965,2191,2246,2259,1857,1927,306,332,338,1938,1941,1986,1993,1996,2005,2049,2693,69,322,326,1864,1882,1898,1923,2199,2206,343,1415,1433,1440,1445,1449,1789,2313,2321,2535,921,1462,1552,1592,1688,1699,1734,2476,2484,1573,1654,1706,1709,1729,1796,1823,1832,1837,1845,2544,2553,2560,2568,1498,1644,1671,1749,1771,1780,2622,1071,1093,1124,1127,1136,1613,1620,1632,2576,1860,1346,1355,1375,1407,1412,941,947,771,1333,1877,850,895,905,910,913,1253,1634,1792,2524,2618,826,2709,1220,2724,2731,2742,2760,2765,2768,2773,2794,1131,1142,1007,1012,1147,1157,1280,1310,1316,1321
---
{
  "schema_version": "authorship/3.0.0",
  "git_ai_version": "1.5.2",
  "base_commit_sha": "2751a60bb6f8339027759c680d01c77ddef72cbd",
  "prompts": {},
  "humans": {
    "h_5b53606353e0f5": {
      "author": "Meng Xu <meng.xu.cs@uwaterloo.ca>"
    }
  }
}