compiler/rustc_codegen_ssa/src/nlai/context.rs
  h_5b53606353e0f5 96,103,107,110,280,288,181,184,187-188,287,125,138,150,156,165-166,206,190,205,359,373,380,382-383,824,1501,1516,1518-1519,721,725,808,811,819,681,701,711,716,938,957,960,971,1287,395-397,422,424,435,451-452,462,468-469,479,489,499,519,533,692,2147-2148,2163,2853,2860,2867,2872,1032-1033,1178,1191,404-405,537,539,551,566,582,596,598,607,628,631,636,641,732-733,737,746,761,2136-2137,801,309-310,333,336,339,342,355,2888,320,326,330,2092,347,353,1536,1883,929,1860,1644,1741,1820,1905,1908-1909,1917-1919,1935,1550,1564,1570,1576,1684,1687,1690,1753,1757,1768,1775,1872,1875,1054,1065,1076,1087,1098,1100,1109,1151-1152,1832,1836,1719,1731,1623,1631,1639,1660,1669,1673,1678,1850,1853-1854,1858,795,1140,1463-1464,788,790,955,613,625,806,814,787,2034,2072,871,876,882,885,891,897,903,913,918,920,1263-1264,1268,1541,1116,1127,1136,1138,1173,1204,1219,1221,1233,1248,1255,1257,2945,2952,2968,2970-2971,2989,2991-2992,1158,1171,1177,1028,1291,1350,1369,1373,1379,1383-1384,1276,1280,1284,1308,1322,1339,1961,1969,1972,1975,1982-1983,2004-2005,2105,1482,1585
  04f85b5dc3e29e0d 2783,2823,2827,356,214,259,281,2237,2761,2768,126,130,139,146,151,157,167,265,2787,2837,207,277,2245,2249,191,2189,2201,2255,384,825,1392,1403,1498,1507,1510,2007,2011,2097,2259,2266,2275,2282,2290,2294,2489,726,815,419,682,712,717,940,961,972,1288,2354,2362,2441,2448,2807,398,427,431,436,440,443,521,527,530,534,693,2100,2127,2164,2392,2400,2409,2418,2791,2795,2811,2815,2819,2839,2843,2848,2854,2861,2868,985,1034,1179,1258,406,542,547,552,556,559,567,570,576,579,583,599,627,632,642,741,747,762,807,2138,2369,2424,2437,2015,2093,311,337,343,2110,2113,2160,2167,2170,2179,2223,2874,70,327,331,2022,2040,2057,2089,2377,2384,348,1495,1513,1520,1525,1529,1877,2493,2501,2716,930,1542,1640,1680,1776,1787,1822,2657,2665,1661,1742,1794,1797,1817,1884,1911,1920,1925,1933,2725,2734,2741,2749,1586,1732,1759,1837,1859,1868,2803,1088,1110,1141,1144,1153,1701,1708,1720,2757,2018,1411,1420,1440,1475,1491,950,956,780,1397,2035,859,904,914,919,922,1272,1722,1880,2705,2799,835,2890,1237,2905,2912,2923,2941,2946,2949,2954,2975,1148,1159,1020,1029,1164,1174,1297,1374,1380,1385,73,1309,1323,1340,1936,1984,2079,2106,1488
---
{
  "schema_version": "authorship/3.0.0",
  "git_ai_version": "1.5.2",
  "base_commit_sha": "ed3dbcc17ba118e40840ab4849567256864d1b7b",
  "prompts": {},
  "humans": {
    "h_5b53606353e0f5": {
      "author": "Meng Xu <meng.xu.cs@uwaterloo.ca>"
    }
  }
}