compiler/rustc_codegen_ssa/src/nlai/context.rs
  h_5b53606353e0f5 68,75,79,82,251,259,153,156,159-160,258,97,110,122,128,137-138,178,162,168,177,263,277,284,286-287,685,800,812,814-815,839,601,605,671,674,683-684,565,581,591,596,692,695,698,707-709,774,59,299-301,326,328,339,355-356,365,371-372,381,391,401,420,434,572,848,869-870,889,892,900,1241,1248,1255,1260,720-722,747-748,755,768,308-309,438,440,451,467,472,485,501,503,510,512,517,522,525-527,612-613,617,628,646,650,656-657,660,858-859,888,669
  04f85b5dc3e29e0d 1175,1211,1215,260,823,186,231,252,949,1153,1160,98,102,111,118,123,129,139,237,1179,1225,179,248,957,961,163,169,909,921,967,288,686,782,788,797,806,809,816,833,840,971,978,986,992,1000,1004,1149,606,675,323,566,592,597,694,699,710,775,1054,1061,1118,1124,1195,302,331,335,340,344,347,422,428,431,435,573,844,849,890,1075,1083,1091,1100,1183,1187,1191,1199,1203,1207,1227,1231,1236,1242,1249,1256,714,723,749,756,769,310,443,447,452,456,459,462,468,473,479,482,486,505,511,518,528,623,629,635,661,670,860,1067,1106,1114
---
{
  "schema_version": "authorship/3.0.0",
  "git_ai_version": "1.5.2",
  "base_commit_sha": "aba65c9201fb6dbd525cd22cd3826b9defdbc2e2",
  "prompts": {},
  "humans": {
    "h_5b53606353e0f5": {
      "author": "Meng Xu <meng.xu.cs@uwaterloo.ca>"
    }
  }
}