compiler/rustc_codegen_ssa/src/nlai/context.rs
  h_5b53606353e0f5 116,123,128,131,305,313,206,209,212-213,312,146,159,176,181,190-191,231,215,230,387,401,408,410-411,861,2457,2472,2474-2475,749,753,845,848,856,709,729,739,744,1018,1050,1053,1064,1382,423-425,450,452,463,479-480,490,496-497,507,517,527,547,561,720,3243-3244,3268,4046,4053,4060,4065,1122-1123,1268,1281,432-433,565,567,579,594,610,624,626,635,656,659,664,669,764,768,777,792,3232-3233,837,337-338,361,364,367,370,383,348,354,358,3169,375,381,2497,2852,1009,2829,2614,2711,2789,2882,2885-2886,2897,2905,2933,2527,2533,2539,2654,2657,2660,2723,2735,2742,2841,2844,1144,1155,1166,1177,1188,1190,1199,1241-1242,2801,2805,2689,2701,2593,2601,2609,2630,2639,2643,2648,2819,2822-2823,2827,830,1230,2381-2382,822,824,1048,641,653,843,851,821,3113,3149,927,932,938,941,947,953,959,971,998,1359,1363,2502,1206,1217,1226,1228,1263,1294,1309,1311,1323,1338,1345,1347,4140,4147,4163,4165-4166,4184,4186-4187,1248,1261,1267,1118,1386,1445,1464,1504,1510,1514-1515,1371,1375,1379,1403,1417,1434,2960,2968,2971,2974,3001-3002,3024-3025,3182,2428,2555,1524,1536,1556,1560,1606,1859,1871,1884-1885,1889,1891,1893,2295,2552,3253,1578,1624,1640,1653,1660,1672,1678,1702,1705,1709,1753-1754,1775-1777,1791-1792,1807,1821,1831,1835-1836,1839-1840,1845,1910,1912,1914,1917,1932,1934,1936,1939,1951,1961,1964,1976,1988,1990,1992,1995,2013,2038-2039,2273,2286,2060,2063-2064,2107,2120,2127-2128,2141-2142,2146,2150-2151,2153-2154,2171,2199-2200,2261,2264,2271,4204-4205,4244,1470,1482,1502,2866,2927-2928,800,1032,1034,1040,1045,866,2513,1723,1728,1733,1738,2420,3221,3044,3059,3083-3084,3076
  04f85b5dc3e29e0d 3958,3998,4010,384,239,284,306,3342,3936,3943,147,151,160,172,182,192,290,3962,4020,232,302,3350,3354,216,3294,3306,3360,412,862,2303,2314,2444,2463,2466,3086,3090,3174,3364,3372,3390,3397,3412,3416,3648,754,852,447,710,740,745,1020,1054,1065,1383,3481,3497,3584,3592,3982,426,455,459,464,468,471,549,555,558,562,721,3177,3207,3269,3535,3543,3552,3561,3966,3970,3986,3990,3994,4022,4036,4041,4047,4054,4061,1078,1124,1269,1348,434,570,575,580,584,587,595,598,604,607,611,627,655,660,670,772,778,793,844,3234,3504,3567,3580,3094,3170,339,365,371,3187,3190,3265,3272,3275,3284,3328,4067,355,359,3101,3119,3136,3166,3512,3527,376,2441,2469,2476,2481,2490,2846,3652,3662,3883,1010,2503,2610,2650,2743,2754,2791,3819,3827,2631,2712,2761,2764,2786,2853,2888,2906,2911,2920,3893,3903,3910,3924,2556,2702,2726,2806,2828,2837,3978,1178,1200,1231,1234,1243,2671,2678,2690,3932,3097,2329,2338,2358,2410,2437,1041,1049,814,2308,3114,904,960,972,999,1367,2692,2849,3872,3974,880,4085,1327,4100,4107,4118,4136,4141,4144,4149,4170,1238,1249,1110,1119,1254,1264,1392,1505,1511,1516,84,1404,1418,1435,2934,3003,3156,3183,2434,93,1520,1525,1529,1532,1537,1544,1547,1550,1553,1557,1571,1589,1601,1607,1854,1860,1872,1894,2292,2296,2546,3254,3489,1582,1615,1619,1625,1643,1662,1668,1673,1679,1684,1697,1742,1748,1759,1778,1782,1793,1810,1823,1842,1846,1952,1965,1977,1996,2009,2019,2274,2280,2048,2058,2067,2084,2096,2100,2143,2155,2164,2187,2201,2210,2219,2227,2230,2246,4191,4213,2,1471,1476,2929,3916,4002,96,867,874,909,919,1006,2520,2957,2975,2982,2989,2421,3382,3404,4073,3223,3520,3046,3062,4032
---
{
  "schema_version": "authorship/3.0.0",
  "git_ai_version": "1.5.2",
  "base_commit_sha": "9230d5162b81be7587a2f4a12e877d273f0464aa",
  "prompts": {},
  "humans": {
    "h_5b53606353e0f5": {
      "author": "Meng Xu <meng.xu.cs@uwaterloo.ca>"
    }
  }
}