compiler/rustc_codegen_ssa/src/nlai/context.rs
  h_5b53606353e0f5 123,130,135,138,312,320,213,216,219-220,319,153,166,183,188,197-198,238,222,237,396,410,417,419-420,919,2599,2614,2616-2617,757,761,903,906,914,717,737,747,752,1080,1112,1115,1126,1445,432-434,459,461,472,488-489,499,505-506,516,526,536,556,570,728,3461-3462,3498,4289,4296,4303,4308,1184-1185,1330,1343,441-442,574,576,587,602,618,632,634,643,664,667,672,677,773,777,786,854,3450-3451,895,346-347,370,373,376,379,392,357,363,367,3385,384,390,2639,3017,1071,2994,2779,2876,2954,3047,3050-3051,3062,3070,3098,2689,2695,2701,2819,2822,2825,2888,2900,2907,3006,3009,1206,1217,1228,1239,1250,1252,1261,1303-1304,2966,2970,2854,2866,2758,2766,2774,2795,2804,2808,2813,2984,2987-2988,2992,888,1292,2443-2444,880,882,1110,649,661,901,909,879,3329,3365,994,999,1005,1008,1014,1020,1026,1057,1422,1426,2644,1268,1279,1288,1290,1325,1356,1371,1373,1385,1400,1407,1409,4383,4390,4406,4408-4409,4427,4429-4430,1310,1323,1329,1180,1449,1508,1527,1567,1573,1577-1578,1434,1438,1442,1466,1480,1497,3125,3133,3136,3139,3167-3168,3190-3191,3398,2544,2717,1587,1599,1619,1623,1669,1922,1934,1947-1948,1952,1954,1956,2358,2714,3482,1641,1687,1703,1716,1723,1735,1741,1765,1768,1772,1816-1817,1838-1840,1854-1855,1870,1884,1894,1898-1899,1902-1903,1908,1973,1975,1977,1980,1995,1997,1999,2002,2014,2024,2027,2039,2051,2053,2055,2058,2076,2101-2102,2336,2349,2123,2126-2127,2170,2183,2190-2191,2204-2205,2209,2213-2214,2216-2217,2234,2262-2263,2324,2327,2334,4447-4448,4487,1533,1545,1565,3031,3092-3093,862,1094,1096,1102,1107,924,2655,1786,1791,1796,1801,3439,3240,3257,3300,3298,3208,3210,3218-3219,3232-3233,3235-3236,3248-3249,3251-3252,3288,3276-3277,1059,2511-2512,2583,2589,2597,2755,820,839,841,3472-3473,800
  04f85b5dc3e29e0d 4181,4225,4237,393,246,291,313,3573,4159,4166,154,158,167,179,189,199,297,4185,4247,239,309,3581,3585,223,3524,3536,3591,421,920,2366,2376,2562,2605,2608,3302,3306,3390,3595,3603,3622,3629,3644,3648,3882,762,910,456,718,748,753,1082,1116,1127,1446,3714,3730,3817,3825,4209,435,464,468,473,477,480,558,564,567,571,729,3393,3425,3499,3768,3776,3785,3794,4189,4193,4213,4217,4221,4249,4279,4284,4290,4297,4304,1140,1186,1331,1410,443,579,583,588,592,595,603,606,612,615,619,635,663,668,678,781,787,855,902,3452,3737,3800,3813,3310,3386,348,374,380,3403,3406,3495,3502,3505,3514,3558,4310,364,368,3317,3335,3352,3382,3745,3760,385,2556,2611,2618,2623,2632,3011,3886,3896,4106,1072,2645,2775,2815,2908,2919,2956,4045,4053,2796,2877,2926,2929,2951,3018,3053,3071,3076,3085,4116,4126,4133,4147,2718,2867,2891,2971,2993,3002,4205,1240,1262,1293,1296,1305,2836,2843,2855,4155,3313,2391,2400,2420,2529,1103,1111,872,2371,3330,962,1027,1031,1058,1430,2857,3014,4095,4201,938,4328,1389,4343,4350,4361,4379,4384,4387,4392,4413,1300,1311,1172,1181,1316,1326,1455,1568,1574,1579,85,1467,1481,1498,3099,3169,3372,3399,2551,97,1583,1588,1592,1595,1600,1607,1610,1613,1616,1620,1634,1652,1664,1670,1917,1923,1935,1957,2355,2359,2708,3483,3722,1645,1678,1682,1688,1706,1725,1731,1736,1742,1747,1760,1805,1811,1822,1841,1845,1856,1873,1886,1905,1909,2015,2028,2040,2059,2072,2082,2337,2343,2111,2121,2130,2147,2159,2163,2206,2218,2227,2250,2264,2273,2282,2290,2293,2309,4434,4456,2,1534,1539,3094,4139,4229,103,925,932,967,986,1068,2666,3122,3140,3147,3154,3613,3636,4316,3441,3753,3242,3260,4275,3206,3220,4264,3278,1061,2471,2479,2487,2500,2673,2687,94,793,821,826,832,836,2559,3474,4197,4255
---
{
  "schema_version": "authorship/3.0.0",
  "git_ai_version": "1.5.2",
  "base_commit_sha": "ae09f7eb1821308a603d9e0665425ffca387ba10",
  "prompts": {},
  "humans": {
    "h_5b53606353e0f5": {
      "author": "Meng Xu <meng.xu.cs@uwaterloo.ca>"
    }
  }
}