compiler/rustc_codegen_ssa/src/nlai/context.rs
  h_5b53606353e0f5 92,99,103,106,276,284,177,180,183-184,283,121,134,146,152,161-162,202,186,201,354,368,375,377-378,815,1431,1446,1448-1449,712,716,799,802,810,676,692,702,707,929,948,951,962,1278,390-392,417,419,430,446-447,457,463-464,474,484,494,514,528,683,1984-1985,1999,2684,2691,2698,2703,1023-1024,1169,1182,399-400,532,534,546,561,577,591,593,602,623,626,631,636,723-724,728,737,752,1973-1974,792,304-305,328,331,334,337,350,2719,315,321,325,1936,342,348,1466,1805,920,1782,1566,1663,1742,1827,1830-1831,1839-1841,1857,1480,1494,1500,1506,1606,1609,1612,1675,1679,1690,1697,1794,1797,1045,1056,1067,1078,1089,1091,1100,1142-1143,1754,1758,1641,1653,1545,1553,1561,1582,1591,1595,1600,1772,1775-1776,1780,786,1131,1408-1409,779,781,946,608,620,797,805,778,1886,1923,862,867,873,876,882,888,894,904,909,911,1254-1255,1259,1471,1107,1118,1127,1129,1164,1195,1210,1212,1224,1239,1246,1248,2776,2783,2799,2801-2802,2820,2822-2823,1149,1162,1168,1019,1282,1302,1315,1319,1325,1329-1330,1267,1271,1275
  04f85b5dc3e29e0d 2614,2654,2658,351,210,255,277,2072,2592,2599,122,126,135,142,147,153,163,261,2618,2668,203,273,2080,2084,187,2025,2037,2090,379,816,1338,1349,1428,1437,1440,1859,1863,1941,2094,2101,2110,2117,2125,2129,2321,717,806,414,677,703,708,931,952,963,1279,2186,2194,2273,2280,2638,393,422,426,431,435,438,516,522,525,529,684,1944,1964,2000,2224,2232,2241,2250,2622,2626,2642,2646,2650,2670,2674,2679,2685,2692,2699,976,1025,1170,1249,401,537,542,547,551,554,562,565,571,574,578,594,622,627,637,732,738,753,798,1975,2201,2256,2269,1867,1937,306,332,338,1948,1951,1996,2003,2006,2015,2059,2705,69,322,326,1874,1892,1908,1933,2209,2216,343,1425,1443,1450,1455,1459,1799,2325,2333,2547,921,1472,1562,1602,1698,1709,1744,2488,2496,1583,1664,1716,1719,1739,1806,1833,1842,1847,1855,2556,2565,2572,2580,1508,1654,1681,1759,1781,1790,2634,1079,1101,1132,1135,1144,1623,1630,1642,2588,1870,1356,1365,1385,1417,1422,941,947,771,1343,1887,850,895,905,910,913,1263,1644,1802,2536,2630,826,2721,1228,2736,2743,2754,2772,2777,2780,2785,2806,1139,1150,1011,1020,1155,1165,1290,1320,1326,1331
---
{
  "schema_version": "authorship/3.0.0",
  "git_ai_version": "1.5.2",
  "base_commit_sha": "b88f15104f67239bf0781c64d1dad255337c6d9a",
  "prompts": {},
  "humans": {
    "h_5b53606353e0f5": {
      "author": "Meng Xu <meng.xu.cs@uwaterloo.ca>"
    }
  }
}