compiler/rustc_codegen_ssa/src/nlai/context.rs
  h_5b53606353e0f5 89,96,100,103,273,281,174,177,180-181,280,118,131,143,149,158-159,199,183,198,354,368,375,377-378,807,1127,1142,1144-1145,707,711,791,794,802,671,687,697,702,842,861,864,875,1037,390-392,417,419,430,446-447,456,462-463,472,482,492,512,526,678,1655-1656,1670,2292,2299,2306,2311,886-888,913-914,1018,1031,399-400,530,532,544,559,575,592,594,603,615,618,623,626,631,718-719,723,733,748,1644-1645,784,301-302,325,328,331,334,350,2327,312,318,322,1607,339,345,348,1161,1500,816,833,1477,1251,1350,1429,1522,1525-1526,1534-1536,1552,1168,1175,1183,1191,1291,1294,1297,1362,1366,1377,1384,1492,1495,935,946,957,968,979,981,990,997,1003,1010-1011,1441,1447,1453,1330,1340,1230,1238,1246,1267,1276,1280,1285,1467,1470-1471,1475,778,1000,1103-1104,771,773,859,609,612,789,797
  04f85b5dc3e29e0d 2226,2262,2266,351,207,252,274,1743,2204,2211,119,123,132,139,144,150,160,258,2230,2276,200,270,1751,1755,184,1696,1708,1761,379,808,1045,1051,1124,1133,1136,1554,1558,1612,1765,1772,1781,1788,1796,1800,1978,712,798,414,672,698,703,844,865,876,1038,1857,1865,1942,1949,2246,393,422,426,431,435,438,514,520,523,527,679,1615,1635,1671,1895,1903,1911,1920,2234,2238,2250,2254,2258,2278,2282,2287,2293,2300,2307,880,889,915,1019,1032,401,535,540,545,549,552,560,563,569,572,576,595,614,619,632,728,734,749,790,1646,1872,1926,1938,1562,1608,303,329,335,1619,1622,1667,1674,1677,1686,1730,2313,66,319,323,1569,1574,1590,1604,1880,1887,340,1121,1139,1146,1150,1154,1497,1982,1990,2159,819,825,830,834,1162,1247,1287,1385,1396,1431,2143,2151,1268,1351,1403,1406,1426,1501,1528,1537,1542,1550,2168,2177,2184,2192,1193,1341,1368,1454,1476,1485,2242,969,991,1004,1007,1012,1488,1331,2200,1565,1058,1068,1080,1113,1118,854,860
---
{
  "schema_version": "authorship/3.0.0",
  "git_ai_version": "1.5.2",
  "base_commit_sha": "c011949612081d3ab04f802a14eb2069081bee3c",
  "prompts": {},
  "humans": {
    "h_5b53606353e0f5": {
      "author": "Meng Xu <meng.xu.cs@uwaterloo.ca>"
    }
  }
}