compiler/rustc_codegen_ssa/src/nlai/context.rs
  h_5b53606353e0f5 124,131,136,139,313,321,214,217,220-221,320,154,167,184,189,198-199,239,223,238,397,411,418,420-421,920,2607,2622,2624-2625,758,762,904,907,915,718,738,748,753,1081,1114,1117,1128,1450,433-435,460,462,473,489-490,500,506-507,517,527,537,557,571,729,3470-3471,3507,4297,4304,4311,4316,1189-1190,1335,1348,442-443,575,577,588,603,619,633,635,644,665,668,673,678,774,778,787,855,3459-3460,896,347-348,371,374,377,380,393,358,364,368,3394,385,391,2647,3026,1072,3003,2792,2889,2963,3056,3059-3060,3071,3079,3107,2697,2705,2711,2832,2835,2838,2901,2913,2920,3015,3018,1211,1222,1233,1244,1255,1257,1266,1308-1309,2975,2979,2867,2879,2771,2779,2787,2808,2817,2821,2826,2993,2996-2997,3001,889,1297,2451-2452,881,883,1112,650,662,902,910,880,3338,3374,995,1000,1006,1009,1015,1021,1027,1058,1427,1431,2652,1273,1284,1293,1295,1330,1361,1376,1378,1390,1405,1412,1414,4395,4411,4413-4414,4432,4434-4435,1315,1328,1334,1182,1454,1513,1532,1572,1578,1582-1583,1439,1443,1447,1471,1485,1502,3134,3142,3145,3148,3176-3177,3199-3200,3407,2552,2731,1592,1604,1624,1628,1677,1930,1942,1955-1956,1960,1962,1964,2366,2728,3491,1646,1695,1711,1724,1731,1743,1749,1773,1776,1780,1824-1825,1846-1848,1862-1863,1878,1892,1902,1906-1907,1910-1911,1916,1981,1983,1985,1988,2003,2005,2007,2010,2022,2032,2035,2047,2059,2061,2063,2066,2084,2109-2110,2344,2357,2131,2134-2135,2178,2191,2198-2199,2212-2213,2217,2221-2222,2224-2225,2242,2270-2271,2332,2335,2342,4452-4453,4492,1538,1550,1570,3040,3101-3102,863,1095,1097,1103,1109,925,2663,1794,1799,1804,1809,3448,3249,3266,3309,3307,3217,3219,3227-3228,3241-3242,3244-3245,3257-3258,3260-3261,3297,3285-3286,1060,2519-2520,2591,2597,2605,2768,821,840,842,3481-3482,801,1184-1185,1649
  04f85b5dc3e29e0d 4189,4233,4245,394,247,292,314,3582,4167,4174,155,159,168,180,190,200,298,4193,4255,240,310,3590,3594,224,3533,3545,3600,422,921,2374,2384,2570,2613,2616,3311,3315,3399,3604,3612,3631,3638,3653,3657,3891,763,911,457,719,749,754,1083,1118,1129,1451,3723,3739,3826,3834,4217,436,465,469,474,478,481,559,565,568,572,730,3402,3434,3508,3777,3785,3794,3803,4197,4201,4221,4225,4229,4257,4287,4292,4298,4305,4312,1142,1191,1336,1415,444,580,584,589,593,596,604,607,613,616,620,636,664,669,679,782,788,856,903,3461,3746,3809,3822,3319,3395,349,375,381,3412,3415,3504,3511,3514,3523,3567,4318,365,369,3326,3344,3361,3391,3754,3769,386,2564,2619,2626,2631,2640,3020,3895,3905,4114,1073,2653,2788,2828,2921,2928,2965,4053,4061,2809,2890,2935,2938,2960,3027,3062,3080,3085,3094,4124,4134,4141,4155,2732,2880,2904,2980,3002,3011,4213,1245,1267,1298,1301,1310,2849,2856,2868,4163,3322,2399,2408,2428,2537,1113,873,2379,3339,963,1028,1032,1059,1435,2870,3023,4103,4209,939,4336,1394,4351,4358,4369,4389,4392,4397,4418,1305,1316,1174,1183,1321,1331,1460,1573,1579,1584,86,1472,1486,1503,3108,3178,3381,3408,2559,98,1588,1593,1597,1600,1605,1612,1615,1618,1621,1625,1639,1660,1672,1678,1925,1931,1943,1965,2363,2367,2722,3492,3731,1653,1686,1690,1696,1714,1733,1739,1744,1750,1755,1768,1813,1819,1830,1849,1853,1864,1881,1894,1913,1917,2023,2036,2048,2067,2080,2090,2345,2351,2119,2129,2138,2155,2167,2171,2214,2226,2235,2258,2272,2281,2290,2298,2301,2317,4439,4461,2,1539,1544,3103,4147,4237,104,926,933,968,987,1069,2674,3131,3149,3156,3163,3622,3645,4324,3450,3762,3251,3269,4283,3215,3229,4272,3287,1062,2479,2487,2495,2508,2681,2695,95,794,822,827,833,837,2567,3483,4205,4263,2698,1186
---
{
  "schema_version": "authorship/3.0.0",
  "git_ai_version": "1.5.2",
  "base_commit_sha": "84c2f93d86fa472ed871f5194718728942e48c19",
  "prompts": {},
  "humans": {
    "h_5b53606353e0f5": {
      "author": "Meng Xu <meng.xu.cs@uwaterloo.ca>"
    }
  }
}